<span><strong>
    <a href="http://24timezones.com/ru_vremia/dushanbe_mestnoe_vremia.php" style="text-decoration: none" target="_BLANK" title="время Душанбе">Точное время Душанбе</a> - <span id="tzTimeSpan_ee4ef7306f79178"></span>
    <script type="text/javascript" src="http://24timezones.com/js/ru/time_24_1_1.js"></script>
    <script src="http://24timezones.com/timescript/gettime.js.php?city=385&hourtype=24&showdate=1&showseconds=1&id=559275&elem=ee4ef7306f79178" language="javascript"></script>
</strong></span>



SkillDurationList = 1002,9999999;1003,9999999;1005,9999999;1006,9999999;1007,9999999;1007,9999999;1515,60;\
1476,9999999;1477,9999999;1478,9999999;1479,9999999;1441,9999999;1442,9999999;1443,9999999;\
1009,9999999;1010,9999999;1251,9999999;1252,9999999;1253,9999999;1006,9999999;1444,9999999;\
1308,9999999;1309,9999999;1362,9999999;1363,9999999;1390,9999999;1427,180;1281,9999999;\
1413,9999999;1461,9999999;1002,9999999;1003,9999999;1004,9999999;1005,9999999;1280,9999999;\
1008,9999999;1009,9999999;1249,9999999;1250,9999999;1260,9999999;1261,9999999;1279,9999999;\
1282,9999999;1364,9999999;1365,9999999;1414,9999999;1415,9999999;1416,9999999;\
1036,9999999;1040,9999999;1044,9999999;1085,9999999;1086,9999999;1087,9999999;\
1045,9999999;1048,9999999;1059,9999999;1062,9999999;1068,9999999;1077,9999999;\
1204,9999999;1240,9999999;1242,9999999;1257,9999999;1268,9999999;1388,9999999;\
1078,9999999;1032,9999999;1033,9999999;1259,9999999;1243,9999999;1354,9999999;\
1397,9999999;1352,9999999;1392,9999999;1393,9999999;1353,9999999;1182,9999999;\
1189,9999999;1191,9999999;1303,9999999;1460,9999999;1355,9999999;1356,9999999;\
1284,9999999;1542,9999999;1284,9999999;1547,9999999;1391,9999999;1499,9999999;\
1500,9999999;1501,9999999;1502,9999999;1503,9999999;1504,9999999;1519,9999999;\
1389,9999999;1035,9999999;1323,9999999;1325,9999999;1374,9999999;\
395,9999999;396,9999999;1548,9999999;\
271,9999999;272,9999999;273,9999999;274,9999999;830,9999999;499,9999999;396,9999999;764,9999999;\
275,9999999;276,9999999;277,9999999;307,9999999;309,9999999;310,9999999;311,9999999;365,9999999;\
530,9999999;915,9999999;264,9999999;265,9999999;266,9999999;267,9999999;268,9999999;269,9999999;\
270,9999999;304,9999999;305,9999999;306,9999999;308,9999999;349,9999999;363,9999999;529,9999999;\
825,9999999;826,9999999;827,9999999;828,9999999;829,9999999;395,9999999;989,9999999;988,9999999;\
67,9999999;33,9999999;22,9999999;10,9999999;\
4700,9999999;4703,9999999;4699,9999999;4702,9999999;\ 
988,9999999;989,9999999;915,9999999;1284,9999999;\